573885540
573885556
573885573
573885590
573885606
573885623
573885640
573885656
573885673
573885690
573885706
573885723
573885744
573885758
573885774
573885790
573885807
573885825
573885841
573885856
573885873
573885890
573885906
573885923
573885940
573885956
573885976
573885990
573886007
573886030
573886040
573886056
573886073
573886090
573886106
573886123
573886141
573886157
573886173
573886189
573886206
573886223
573886239
573886256
573886273
573886293
573886306
573886323
573886339
573886356
573886373
573886390
573886406
573886423
573886439
573886456
573886473
573886489
573886506
573886523
573886543
573886559
573886573
573886590
573886606
573886623
573886639
573886656
573886673
573886689
573886706
573886723
573886739
573886757
573886772
573886789
573886806
573886823
573886840
573886856
573886872
573886889
573886906
573886922
573886939
573886956
573886972
573886989
573887006
573887022
573887039
573887056
573887072
573887089
573887106
573887123
573887139
573887156
573887172
573887189
573887210
573887222
573887239
573887256
573887272
573887293
573887305
573887323
573887339
573887355
573887374
573887389
573887405
573887422
573887439
573887455
573887472
573887489
573887515
573887525
573887539
573887555
573887573
573887589
573887605
573887622
573887639
573887655
573887672
573887689
573887705
573887723
573887740
573887755
573887779
573887794
573887805
573887823
573887838
573887857
573887872
573887888
573887905
573887922
573887943
573887955
573887972
573887989
573888005
573888022
573888043
573888056
573888072
573888088
573888105
573888122
573888138
573888156
573888172
573888188
573888205
573888222
573888238
573888255
573888272
573888292
573888305
573888330
573888338
573888355
573888372
573888388
573888405
573888422
573888440
573888455
573888471
573888488
573888505
573888522
573888538
573888555
573888572
573888588
573888605
573888622
573888638
573888657
573888671
573888688
573888705
573888722
573888738
573888755
573888772
573888788
573888805
573888821
573888838
573888855
573888871
573888888
573888905
573888921
573888938
573888955
573888971
573888988
573889005
573889022
573889038
573889056
573889071
573889088
573889105
573889121
573889138
573889155
573889172
573889189
573889204
573889221
573889238
573889256
573889274
573889288
573889304
573889321
573889338
573889357
573889371
573889389
573889405
573889421
573889438
573889458
573889472
573889488
573889505
573889521
573889538
573889555
573889575
573889588
573889605
573889621
573889638
573889655
573889672
573889688
573889704
573889722
573889738
573889754
573889771
573889788
573889804
573889822
573889838
573889854
573889871
573889889
573889904
573889921
573889938
573889954
573889971
573889987
573890004
573890021
573890038
573890054
573890071
573890087
573890104
573890124
573890140
573890156
573890171
573890187
573890204
573890221
573890238
573890254
573890270
573890287
573890304
573890320
573890337
573890354
573890370
573890387
573890404
573890420
573890437
573890454
573890470
573890488
573890504
573890521
573890541
573890555
573890570
573890589
573890607
573890621
573890637
573890654
573890670
573890687
573890707
573890720
573890738
573890754
573890770
573890787
573890804
573890821
573890837
573890862
573890878
573890887
573890903
573890920
573890937
573890954
573890971
573890987
573891003
573891020
573891037
573891053
573891071
573891087
573891104
573891120
573891137
573891154
573891171
573891187
573891203
573891220
573891237
573891253
573891271
573891287
573891303
573891320
573891337
573891353
573891370
573891387
573891403
573891420
573891437
573891454
573891470
573891488
573891504
573891520
573891536
573891553
573891570
573891586
573891604
573891620
573891637
573891653
573891670
573891686
573891703
573891720
573891747
573891761
573891777
573891792
573891809
573891820
573891837
573891853
573891870
573891886
573891903
573891920
573891945
573891960
573891976
573891993
573892003
573892020
573892036
573892053
573892070
573892086
573892103
573892120
573892136
573892153
573892169
573892186
573892203
573892219
573892236
573892253
573892269
573892287
573892303
573892323
573892339
573892353
573892369
573892386
573892403
573892419
573892436
573892453
573892476
573892486
573892503
573892520
573892536
573892557
573892570
573892586
573892603
573892619
573892636
573892653
573892669
573892686
573892702
573892720
573892736
573892753
573892770
573892786
573892803
573892820
573892836
573892853
573892869
573892886
573892903
573892919
573892945
573892952
573892969
573892986
573893003
573893019
573893036
573893052
573893069
573893086
573893102
573893119
573893136
573893152
573893169
573893186
573893202
573893219
573893236
573893252
573893269
573893286
573893302
573893319
573893336
573893352
573893369
573893393
573893409
573893424
573893444
573893454
573893469
573893486
573893502
573893526
573893536
573893552
573893569
573893585
573893602
573893619
573893638
573893652
573893669
573893686
573893702
573893719
573893736
573893760
573893769
573893785
573893802
573893819
573893835
573893852
573893869
573893885
573893902
573893919
573893935
573893952
573893969
573893985
573894002
573894018
573894035
573894052
573894069
573894086
573894102
573894119
573894135
573894152
573894169
573894185
573894202
573894218
573894235
573894252
573894269
573894287
573894302
573894319
573894336
573894353
573894369
573894385
573894402
573894418
573894435
573894452
573894468
573894485
573894502
573894518
573894535
573894552
573894568
573894585
573894602
573894618
573894635
573894652
573894668
573894685
573894701
573894718
573894735
573894752
573894768
573894785
573894801
573894818
573894835
573894851
573894869
573894885
573894901
573894918
573894935
573894951
573894968
573894985
573895001
573895018
573895035
573895052
573895068
573895085
573895102
573895118
573895135
573895151
573895168
573895185
573895201
573895218
573895235
573895251
573895268
573895285
573895301
573895318
573895335
573895351
573895368
573895389
573895412
573895418
573895434
573895451
573895468
573895487
573895501
573895518
573895534
573895552
573895568
573895585
573895601
573895618
573895635
573895651
573895668
573895685
573895701
573895718
573895735
573895751
573895768
573895784
573895801
573895818
573895835
573895851
573895868
573895884
573895901
573895918
573895934
573895951
573895968
573895985
573896001
573896020
573896034
573896052
573896068
573896085
573896101
573896118
573896134
573896151
573896167
573896184
573896201
573896217
573896235
573896251
573896268
573896284
573896301
573896318
573896336
573896351
573896367
573896384
573896401
573896417
573896439
573896451
573896469
573896485
573896501
573896518
573896534
573896551
573896567
573896584
573896600
573896617
573896634
573896651
573896680
573896686
573896701
573896718
573896734
573896751
573896768
573896784
573896801
573896817
573896834
573896852
573896868
573896884
573896900
573896917
573896936
573896950
573896968
573896984
573897001
573897018
573897034
573897051
573897067
573897084
573897100
573897117
573897135
573897150
573897168
573897184
573897200
573897217
573897234
573897250
573897268
573897283
573897300
573897317
573897333
573897351
573897367
573897383
573897400
573897417
573897434
573897450
573897467
573897484
573897501
573897518
573897534
573897551
573897567
573897586
573897600
573897617
573897639
573897650
573897667
573897684
573897705
573897718
573897733
573897750
573897767
573897784
573897801
573897817
573897834
573897850
573897867
573897883
573897900
573897916
573897933
573897950
573897966
573897983
573898000
573898016
573898033
573898050
573898067
573898083
573898100
573898117
573898133
573898150
573898166
573898183
573898200
573898216
573898233
573898250
573898266
573898283
573898300
573898317
573898333
573898349
573898367
573898383
573898400
573898416
573898433
573898449
573898466
573898487
573898503
573898519
573898533
573898550
573898566
573898583
573898599
573898616
573898633
573898649
573898666
573898683
573898699
573898716
573898734
573898749
573898771
573898786
573898801
573898817
573898833
573898850
573898866
573898883
573898899
573898916
573898933
573898949
573898966
573898983
573898999
573899016
573899033
573899049
573899066
573899082
573899099
573899116
573899133
573899150
573899166
573899182
573899199
573899216
573899232
573899253
573899266
573899284
573899299
573899316
573899333
573899350
573899366
573899382
573899399
573899416
573899432
573899449
573899469
573899482
573899499
573899516
573899532
573899549
573899566
573899583
573899599
573899616
573899632
573899649
573899666
573899682
573899701
573899720
573899733
573899750
573899767
573899782
573899800
573899820
573899832
573899849
573899866
573899883
573899899
573899920
573899932
573899949
573899965
573899986
573899999
573900015
573900032
573900050
573900066
573900082
573900099
573900115
573900132
573900155
573900165
573900182
573900199
573900215
573900232
573900249
573900265
573900286
573900300
573900317
573900333
573900349
573900365
573900384
573900399
573900417
573900432
573900449
573900467
573900482
573900499
573900515
573900532
573900549
573900566
573900583
573900599
573900615
573900633
573900649
573900665
573900682
573900700
573900716
573900732
573900748
573900765
573900782
573900799
573900819
573900834
573900850
573900865
573900882
573900899
573900920
573900931
573900948
573900965
573900981
573900998
573901015
573901035
573901050
573901065
573901081
573901098
573901115
573901131
573901151
573901165
573901181
573901201
573901215
573901232
573901248
573901265
573901281
573901298
573901315
573901331
573901348
573901365
573901389
573901399
573901415
573901431
573901448
573901467
573901482
573901498
573901515
573901531
573901548
573901565
573901581
573901598
573901619
573901631
573901648
573901665
573901681
573901699
573901714
573901731
573901748
573901765
573901781
573901798
573901814
573901831
573901848
573901864
573901889
573901905
573901920
573901936
573901951
573901964
573901981
573901998
573902015
573902031
573902048
573902065
573902081
573902097
573902114
573902131
573902147
573902164
573902181
573902198
573902214
573902231
573902248
573902264
573902281
573902301
573902314
573902331
573902347
573902364
573902381
573902397
573902414
573902435
573902447
573902464
573902481
573902497
573902514
573902537
573902550
573902564
573902580
573902598
573902614
573902631
573902647
573902664
573902682
573902697
573902714
573902730
573902747
573902766
573902781
573902797
573902815
573902831
573902847
573902864
573902880
573902897
573902914
573902931
573902947
573902965
573902980
573902997
573903014
573903030
573903047
573903064
573903081
573903097
573903114
573903130
573903147
573903163
573903180
573903197
573903213
573903230
573903247
573903264
573903280
573903297
573903318
573903332
573903348
573903364
573903380
573903397
573903413
573903430
573903447
573903464
573903480
573903497
573903514
573903530
573903547
573903563
573903580
573903597
573903613
573903630
573903647
573903663
573903681
573903697
573903714
573903730
573903747
573903763
573903780
573903797
573903814
573903830
573903847
573903864
573903880
573903896
573903913
573903931
573903946
573903963
573903980
573903996
573904013
573904030
573904046
573904064
573904080
573904098
573904113
573904130
573904146
573904164
573904180
573904196
573904213
573904230
573904246
573904263
573904280
573904296
573904314
573904330
573904346
573904363
573904379
573904396
573904413
573904430
573904446
573904463
573904480
573904496
573904513
573904529
573904546
573904563
573904591
573904601
573904613
573904629
573904646
573904670
573904680
573904696
573904713
573904729
573904746
573904763
573904779
573904796
573904813
573904829
573904846
573904868
573904880
573904896
573904913
573904929
573904946
573904963
573904979
573904996
573905012
573905029
573905046
573905063
573905079
573905096
573905113
573905129
573905146
573905163
573905179
573905196
573905212
573905229
573905246
573905262
573905279
573905296
573905312
573905329
573905346
573905362
573905382
573905398
573905412
573905429
573905446
573905462
573905481
573905496
573905513
573905529
573905545
573905562
573905579
573905596
573905613
573905629
573905646
573905662
573905680
573905696
573905712
573905729
573905746
573905763
573905779
573905795
573905812
573905829
573905845
573905862
573905879
573905896
573905913
573905929
573905945
573905962
573905979
573905995
573906012
573906029
573906049
573906068
573906080
573906096
573906112
573906129
573906145
573906162
573906179
573906196
573906212
573906229
573906245
573906262
573906278
573906295
573906312
573906331
573906347
573906362
573906379
573906397
573906412
573906428
573906445
573906462
573906478
573906495
573906512
573906529
573906545
573906562
573906578
573906597
573906612
573906628
573906645
573906662
573906679
573906695
573906712
573906728
573906745
573906762
573906783
573906795
573906812
573906829
573906845
573906862
573906878
573906895
573906912
573906928
573906947
573906962
573906979
573906995
573907013
573907029
573907046
573907062
573907079
573907095
573907111
573907128
573907145
573907162
573907178
573907195
573907211
573907229
573907245
573907262
573907278
573907295
573907312
573907328
573907345
573907361
573907378
573907395
573907411
573907428
573907445
573907461
573907478
573907495
573907512
573907528
573907545
573907561
573907578
573907594
573907611
573907628
573907645
573907662
573907678
573907695
573907712
573907729
573907745
573907762
573907778
573907795
573907811
573907828
573907845
573907862
573907878
573907895
573907912
573907929
573907945
573907961
573907978
573907994
573908011
573908028
573908044
573908061
573908078
573908095
573908112
573908128
573908144
573908162
573908182
573908194
573908211
573908228
573908244
573908261
573908278
573908294
573908311
573908328
573908345
573908361
573908382
573908395
573908411
573908428
573908444
573908461
573908478
573908497
573908512
573908529
573908544
573908561
573908578
573908595
573908611
573908627
573908644
573908661
573908678
573908695
573908711
573908728
573908744
573908761
573908778
573908796
573908812
573908827
573908844
573908861
573908877
573908894
573908911
573908927
573908946
573908962
573908983
573908994
573909011
573909027
573909044
573909060
573909078
573909094
573909111
573909127
573909144
573909161
573909178
573909194
573909210
573909227
573909244
573909260
573909277
573909294
573909311
573909328
573909344
573909361
573909377
573909394
573909411
573909427
573909443
573909460
573909477
573909494
573909510
573909527
573909544
573909560
573909577
573909593
573909610
573909627
573909643
573909660
573909677
573909693
573909710
573909727
573909743
573909761
573909779
573909793
573909810
573909827
573909843
573909860
573909877
573909893
573909910
573909927
573909944
573909960
573909977
573909993
573910010
573910027
573910043
573910060
573910077
573910095
573910111
573910128
573910144
573910160
573910177
573910193
573910210
573910227
573910244
573910260
573910276
573910293
573910310
573910327
573910343
573910360
573910376
573910393
573910410
573910426
573910443
573910460
573910477
573910493
573910510
573910526
573910543
573910560
573910577
573910593
573910610
573910627
573910643
573910660
573910676
573910693
573910709
573910726
573910743
573910760
573910776
573910793
573910810
573910826
573910843
573910859
573910876
573910893
573910909
573910927
573910943
573910959
573910976
573910993
573911009
573911027
573911043
573911059
573911077
573911093
573911109
573911126
573911143
573911160
573911176
573911192
573911210
573911231
573911247
573911262
573911276
573911297
573911309
573911326
573911343
573911359
573911376
573911392
573911409
573911426
573911444
573911460
573911476
573911492
573911509
573911526
573911543
573911559
573911576
573911592
573911609
573911626
573911642
573911659
573911676
573911693
573911709
573911726
573911742
573911759
573911775
573911792
573911809
573911825
573911842
573911859
573911875
573911892
573911909
573911929
573911942
573911960
573911976
573911992
573912009
573912025
573912042
573912062
573912075
573912092
573912109
573912125
573912142
573912159
573912175
573912192
573912216
573912226
573912242
573912259
573912275
573912292
573912309
573912327
573912342
573912359
573912375
573912392
573912409
573912425
573912442
573912458
573912476
573912492
573912508
573912525
573912542
573912558
573912575
573912592
573912609
573912625
573912642
573912659
573912675
573912692
573912708
573912725
573912743
573912759
573912780
573912792
573912809
573912825
573912842
573912858
573912875
573912894
573912910
573912925
573912942
573912958
573912975
573912992
573913009
573913025
573913042
573913059
573913075
573913092
573913112
573913128
573913143
573913158
573913175
573913192
573913208
573913225
573913242
573913261
573913276
573913291
573913308
573913325
573913342
573913358
573913375
573913393
573913408
573913425
573913441
573913458
573913475
573913491
573913508
573913524
573913542
573913559
573913575
573913591
573913608
573913624
573913641
573913658
573913674
573913691
573913708
573913727
573913742
573913761
573913775
573913791
573913808
573913825
573913841
573913858
573913875
573913892
573913908
573913925
573913941
573913960
573913975
573913995
573914008
573914025
573914041
573914058
573914074
573914091
573914108
573914124
573914141
573914158
573914175
573914191
573914208
573914224
573914241
573914258
573914274
573914291
573914308
573914325
573914344
573914360
573914374
573914391
573914407
573914425
573914441
573914458
573914474
573914491
573914508
573914524
573914541
573914557
573914574
573914595
573914607
573914624
573914641
573914658
573914674
573914691
573914707
573914724
573914741
573914757
573914775
573914791
573914807
573914824
573914841
573914857
573914874
573914890
573914907
573914924
573914940
573914957
573914977
573914990
573915007
573915024
573915040
573915057
573915074
573915090
573915107
573915125
573915140
573915158
573915174
573915190
573915207
573915224
573915240
573915262
573915274
573915290
573915307
573915324
573915340
573915357
573915373
573915394
573915411
573915424
573915440
573915457
573915474
573915490
573915507
573915523
573915541
573915557
573915574
573915590
573915607
573915624
573915644
573915659
573915675
573915690
573915707
573915724
573915740
573915757
573915773
573915790
573915807
573915823
573915840
573915857
573915873
573915890
573915907
573915923
573915940
573915957
573915973
573915990
573916007
573916023
573916040
573916057
573916073
573916090
573916107
573916123
573916140
573916157
573916173
573916190
573916206
573916223
573916244
573916263
573916273
573916290
573916307
573916323
573916340
573916356
573916373
573916391
573916406
573916423
573916440
573916456
573916473
573916490
573916506
573916524
573916540
573916556
573916573
573916590
573916606
573916623
573916640
573916657
573916673
573916690
573916706
573916723
573916740
573916756
573916773
573916790
573916806
573916823
573916839
573916856
573916873
573916893
573916906
573916927
573916940
573916956
573916973
573916990
573917006
573917023
573917039
573917057
573917073
573917090
573917106
573917123
573917139
573917156
573917173
573917189
573917206
573917223
573917239
573917256
573917272
573917289
573917306
573917322
573917339
573917356
573917373
573917389
573917406
573917422
573917439
573917456
573917473
573917489
573917506
573917523
573917539
573917556
573917572
573917590
573917606
573917622
573917639
573917656
573917673
573917689
573917706
573917722
573917739
573917756
573917773
573917789
573917806
573917827
573917839
573917856
573917872
573917889
573917906
573917922
573917943
573917959
573917981
573917992
573918006
573918022
573918039
573918055
573918072
573918089
573918106
573918122
573918139
573918155
573918172
573918189
573918205
573918223
573918240
573918255
573918272
573918289
573918305
573918322
573918339
573918355
573918372
573918389
573918405
573918422
573918439
573918455
573918472
573918489
573918506
573918522
573918539
573918555
573918572
573918589
573918605
573918622
573918639
573918655
573918675
573918689
573918705
573918722
573918738
573918755
573918772
573918789
573918805
573918822
573918839
573918856
573918872
573918888
573918905
573918922
573918939
573918955
573918972
573918988
573919005
573919022
573919038
573919055
573919072
573919088
573919105
573919122
573919138
573919155
573919171
573919189
573919205
573919221
573919238
573919255
573919272
573919288
573919305
573919321
573919338
573919355
573919371
573919388
573919405
573919422
573919439
573919455
573919472
573919489
573919506
573919522
573919539
573919555
573919572
573919599
573919608
573919623
573919639
573919655
573919672
573919688
573919705
573919722
573919738
573919756
573919771
573919788
573919805
573919824
573919841
573919855
573919872
573919889
573919905
573919922
573919938
573919955
573919971
573919988
573920007
573920030
573920038
573920054
573920071
573920093
573920105
573920121
573920138
573920154
573920171
573920188
573920205
573920221
573920238
573920254
573920271
573920288
573920306
573920321
573920339
573920355
573920372
573920387
573920404
573920422
573920438
573920455
573920472
573920488
573920505
573920521
573920539
573920554
573920571
573920588
573920605
573920622
573920640
573920654
573920671
573920688
573920705
573920721
573920738
573920754
573920771
573920788
573920804
573920821
573920840
573920856
573920871
573920888
573920905
573920921
573920937
573920954
573920973
573920989
573921004
573921021
573921037
573921054
573921071
573921092
573921104
573921121
573921138
573921155
573921171
573921187
573921205
573921221
573921238
573921254
573921271
573921287
573921304
573921321
573921337
573921355
573921372
573921387
573921404
573921421
573921437
573921454
573921470
573921487
573921504
573921520
573921537
573921554
573921571
573921587
573921604
573921621
573921638
573921654
573921674
573921687
573921704
573921720
573921737
573921754
573921771
573921787
573921804
573921820
573921837
573921854
573921871
573921887
573921903
573921920
573921937
573921953
573921970
573921988
573922003
573922020
573922037
573922053
573922070
573922090
573922104
573922121
573922137
573922153
573922171
573922187
573922204
573922221
573922237
573922253
573922270
573922287
573922303
573922320
573922337
573922354
573922370
573922387
573922403
573922420
573922436
573922453
573922470
573922486
573922503
573922520
573922542
573922553
573922573
573922590
573922604
573922620
573922638
573922653
573922670
573922686
573922703
573922720
573922737
573922753
573922770
573922786
573922803
573922820
573922836
573922853
573922869
573922886
573922903
573922919
573922936
573922953
573922969
573922990
573923014
573923020
573923036
573923053
573923073
573923089
573923104
573923121
573923136
573923153
573923169
573923186
573923203
573923221
573923236
573923256
573923269
573923286
573923303
573923326
573923336
573923353
573923369
573923386
573923403
573923419
573923437
573923453
573923469
573923486
573923502
573923526
573923536
573923556
573923569
573923586
573923603
573923620
573923636
573923654
573923669
573923686
573923703
573923719
573923736
573923753
573923769
573923786
573923803
573923819
573923836
573923853
573923869
573923886
573923902
573923919
573923936
573923952
573923969
573923986
573924002
573924019
573924036
573924052
573924069
573924085
573924102
573924119
573924135
573924152
573924169
573924185
573924202
573924219
573924235
573924263
573924274
573924285
573924302
573924319
573924335
573924352
573924369
573924385
573924402
573924419
573924435
573924452
573924469
573924485
573924503
573924519
573924535
573924553
573924569
573924585
573924602
573924619
573924635
573924652
573924668
573924686
573924702
573924719
573924735
573924752
573924780
573924790
573924802
573924819
573924835
573924852
573924868
573924885
573924902
573924919
573924936
573924952
573924968
573924986
573925002
573925018
573925035
573925052
573925069
573925085
573925102
573925118
573925135
573925152
573925169
573925186
573925201
573925218
573925236
573925252
573925278
573925288
573925303
573925318
573925336
573925352
573925370
573925385
573925402
573925419
573925435
573925451
573925468
573925485
573925502
573925518
573925535
573925552
573925568
573925591
573925601
573925618
573925635
573925651
573925668
573925685
573925701
573925718
573925735
573925755
573925769
573925785
573925804
573925818
573925835
573925851
573925868
573925885
573925902
573925918
573925935
573925951
573925968
573925984
573926002
573926018
573926038
573926053
573926069
573926085
573926101
573926118
573926135
573926151
573926168
573926184
573926201
573926218
573926234
573926251
573926268
573926285
573926301
573926318
573926335
573926351
573926368
573926384
573926401
573926418
573926434
573926451
573926468
573926484
573926501
573926529
573926534
573926552
573926568
573926585
573926601
573926617
573926634
573926651
573926667
573926684
573926701
573926717
573926734
573926751
573926767
573926784
573926801
573926817
573926834
573926851
573926868
573926884
573926901
573926917
573926934
573926951
573926967
573926984
573927001
573927019
573927034
573927050
573927068
573927084
573927101
573927117
573927134
573927151
573927168
573927185
573927201
573927217
573927234
573927250
573927267
573927284
573927301
573927317
573927334
573927350
573927367
573927388
573927403
573927419
573927435
573927451
573927467
573927484
573927500
573927517
573927534
573927550
573927567
573927584
573927600
573927617
573927633
573927650
573927667
573927683
573927700
573927717
573927734
573927751
573927767
573927784
573927800
573927817
573927834
573927850
573927867
573927883
573927900
573927917
573927933
573927950
573927967
573927983
573928001
573928017
573928034
573928050
573928076
573928089
573928100
573928117
573928134
573928150
573928167
573928183
573928201
573928220
573928234
573928250
573928267
573928287
573928306
573928316
573928333
573928350
573928366
573928383
573928400
573928416
573928433
573928450
573928466
573928484
573928500
573928517
573928533
573928550
573928567
573928584
573928609
573928623
573928640
573928656
573928666
573928683
573928700
573928716
573928733
573928750
573928766
573928784
573928800
573928825
573928841
573928857
573928866
573928883
573928900
573928916
573928933
573928950
573928967
573928983
573928999
573929016
573929034
573929050
573929066
573929083
573929100
573929117
573929134
573929149
573929166
573929183
573929200
573929216
573929233
573929249
573929267
573929283
573929299
573929316
573929333
573929349
573929366
573929383
573929399
573929416
573929433
573929449
573929467
573929483
573929499
573929516
573929533
573929549
573929566
573929583
573929599
573929616
573929632
573929649
573929666
573929683
573929699
573929716
573929732
573929749
573929766
573929783
573929800
573929816
573929832
573929849
573929866
573929883
573929899
573929916
573929932
573929949
573929966
573929983
573929999
573930015
573930032
573930049
573930066
573930082
573930100
573930116
573930132
573930149
573930165
573930182
573930199
573930216
573930232
573930249
573930266
573930282
573930300
573930315
573930332
573930349
573930365
573930382
573930399
573930415
573930432
573930449
573930466
573930482
573930499
573930516
573930532
573930549
573930565
573930582
573930599
573930615
573930632
573930649
573930666
573930682
573930701
573930716
573930732
573930749
573930765
573930782
573930799
573930815
573930832
573930849
573930866
573930882
573930898
573930915
573930932
573930948
573930965
573930982
573930998
573931015
573931032
573931048
573931067
573931092
573931099
573931115
573931132
573931148
573931165
573931182
573931198
573931215
573931232
573931248
573931265
573931282
573931298
573931315
573931332
573931348
573931365
573931381
573931398
573931415
573931431
573931448
573931465
573931482
573931498
573931515
573931531
573931548
573931565
573931582
573931598
573931615
573931631
573931648
573931665
573931681
573931698
573931715
573931732
573931748
573931766
573931782
573931799
573931815
573931831
573931848
573931865
573931882
573931898
573931915
573931931
573931951
573931965
573931981
573931998
573932015
573932032
573932048
573932065
573932082
573932099
573932124
573932134
573932148
573932165
573932181
573932198
573932215
573932232
573932248
573932265
573932281
573932298
573932314
573932331
573932348
573932365
573932382
573932402
573932415
573932432
573932448
573932465
573932481
573932498
573932514
573932531
573932548
573932564
573932582
573932599
573932615
573932631
573932648
573932665
573932681
573932698
573932715
573932733
573932748
573932764
573932782
573932799
573932815
573932832
573932848
573932864
573932881
573932897
573932914
573932931
573932950
573932964
573932981
573932998
573933014
573933031
573933047
573933064
573933085
573933098
573933114
573933131
573933147
573933164
573933181
573933198
573933214
573933231
573933247
573933264
573933281
573933297
573933314
573933331
573933347
573933364
573933381
573933397
573933414
573933431
573933448
573933464
573933482
573933497
573933514
573933530
573933547
573933564
573933580
573933597
573933614
573933630
573933647
573933664
573933682
573933697
573933714
573933730
573933747
573933764
573933780
573933801
573933815
573933832
573933847
573933864
573933880
573933897
573933913
573933931
573933947
573933964
573933982
573933997
573934013
573934030
573934047
573934064
573934081
573934097
573934113
573934130
573934147
573934164
573934180
573934197
573934215
573934230
573934248
573934264
573934280
573934297
573934313
573934333
573934348
573934363
573934380
573934397
573934413
573934430
573934447
573934467
573934480
573934497
573934514
573934530
573934547
573934563
573934580
573934600
573934616
573934632
573934647
573934663
573934680
573934697
573934713
573934734
573934750
573934766
573934781
573934797
573934813
573934830
573934846
573934863
573934880
573934898
573934913
573934930
573934946
573934963
573934980
573934996
573935013
573935030
573935046
573935063
573935080
573935097
573935113
573935130
573935150
573935163
573935180
573935197
573935213
573935230
573935248
573935263
573935279
573935296
573935313
573935329
573935351
573935366
573935380
573935396
573935413
573935431
